time(sec)	y1	y2
0.001	-0.075	0.432
0.004	-0.044	0.463
0.004	-0.014	0.493
0.005	0.016	0.523
0.006	0.047	0.553
0.007	0.078	0.584
0.007	0.108	0.614
0.008	0.138	0.644
0.009	0.169	0.674
0.009	0.199	0.705
0.010	0.230	0.735
0.011	0.260	0.765
0.012	0.290	0.795
0.014	0.321	0.825
0.015	0.351	0.855
0.016	0.381	0.885
0.018	0.412	0.915
0.019	0.442	0.945
0.020	0.472	0.975
0.022	0.503	1.005
0.023	0.533	1.034
0.024	0.563	1.064
0.025	0.593	1.094
0.026	0.623	1.124
0.027	0.654	1.153
0.028	0.684	1.183
0.030	0.714	1.212
0.031	0.744	1.242
0.032	0.774	1.271
0.034	0.804	1.301
0.035	0.834	1.330
0.036	0.864	1.359
0.037	0.894	1.389
0.038	0.923	1.418
0.038	0.953	1.447
0.039	0.983	1.476
0.040	1.013	1.505
0.041	1.043	1.534
0.042	1.072	1.563
0.042	1.102	1.592
0.043	1.131	1.620
0.044	1.161	1.649
0.046	1.190	1.678
0.047	1.220	1.706
0.048	1.249	1.735
0.049	1.278	1.763
0.050	1.307	1.792
0.051	1.337	1.820
0.051	1.366	1.848
0.052	1.395	1.876
0.053	1.424	1.905
0.054	1.453	1.933
0.054	1.482	1.961
0.055	1.511	1.988
0.056	1.539	2.016
0.057	1.568	2.044
0.058	1.597	2.071
0.059	1.625	2.099
0.060	1.654	2.126
0.060	1.682	2.154
0.062	1.711	2.181
0.063	1.739	2.208
0.064	1.767	2.235
0.066	1.795	2.262
0.067	1.823	2.289
0.068	1.851	2.316
0.069	1.879	2.343
0.071	1.907	2.370
0.072	1.935	2.396
0.073	1.962	2.423
0.074	1.990	2.449
0.076	2.018	2.475
0.077	2.045	2.502
0.079	2.073	2.528
0.080	2.100	2.554
0.083	2.127	2.580
0.085	2.154	2.605
0.088	2.181	2.631
0.089	2.208	2.657
0.090	2.235	2.682
0.091	2.262	2.707
0.091	2.288	2.733
0.092	2.315	2.758
0.093	2.341	2.783
0.094	2.368	2.808
0.095	2.394	2.833
0.097	2.420	2.857
0.098	2.446	2.882
0.099	2.472	2.907
0.100	2.498	2.931
0.101	2.524	2.955
0.102	2.550	2.979
0.104	2.575	3.003
0.105	2.601	3.027
0.106	2.626	3.051
0.107	2.651	3.075
0.107	2.676	3.098
0.108	2.701	3.122
0.109	2.726	3.145
0.110	2.751	3.168
0.112	2.776	3.191
0.113	2.801	3.214
0.114	2.825	3.237
0.115	2.849	3.260
0.117	2.874	3.282
0.117	2.898	3.305
0.118	2.922	3.327
0.119	2.946	3.349
0.120	2.969	3.371
0.121	2.993	3.393
0.122	3.017	3.415
0.123	3.040	3.437
0.125	3.063	3.458
0.126	3.086	3.479
0.126	3.110	3.501
0.128	3.132	3.522
0.130	3.155	3.543
0.131	3.178	3.563
0.132	3.200	3.584
0.134	3.223	3.605
0.135	3.245	3.625
0.136	3.267	3.645
0.136	3.289	3.665
0.137	3.311	3.685
0.138	3.333	3.705
0.139	3.355	3.725
0.140	3.376	3.744
0.141	3.397	3.764
0.141	3.419	3.783
0.142	3.440	3.802
0.143	3.461	3.821
0.144	3.481	3.840
0.146	3.502	3.858
0.147	3.523	3.877
0.149	3.543	3.895
0.150	3.563	3.913
0.151	3.583	3.931
0.152	3.603	3.949
0.153	3.623	3.967
0.153	3.643	3.984
0.154	3.662	4.002
0.155	3.681	4.019
0.156	3.701	4.036
0.157	3.720	4.053
0.158	3.739	4.070
0.158	3.757	4.086
0.159	3.776	4.103
0.160	3.794	4.119
0.161	3.813	4.135
0.163	3.831	4.151
0.164	3.849	4.167
0.166	3.867	4.182
0.167	3.884	4.198
0.168	3.902	4.213
0.169	3.919	4.228
0.170	3.936	4.243
0.171	3.954	4.258
0.172	3.970	4.273
0.173	3.987	4.287
0.174	4.004	4.301
0.174	4.020	4.315
0.175	4.036	4.329
0.176	4.052	4.343
0.177	4.068	4.357
0.179	4.084	4.370
0.180	4.100	4.383
0.182	4.115	4.396
0.183	4.130	4.409
0.183	4.145	4.422
0.184	4.160	4.435
0.186	4.175	4.447
0.187	4.190	4.459
0.187	4.204	4.471
0.188	4.218	4.483
0.189	4.233	4.495
0.190	4.246	4.506
0.190	4.260	4.518
0.191	4.274	4.529
0.192	4.287	4.540
0.193	4.301	4.551
0.193	4.313	4.561
0.194	4.326	4.572
0.196	4.339	4.582
0.197	4.352	4.592
0.198	4.364	4.602
0.199	4.376	4.611
0.199	4.388	4.621
0.200	4.400	4.630
0.201	4.412	4.640
0.202	4.423	4.649
0.203	4.434	4.657
0.204	4.446	4.666
0.204	4.457	4.674
0.205	4.467	4.683
0.206	4.478	4.691
0.207	4.488	4.699
0.208	4.499	4.706
0.209	4.509	4.714
0.210	4.519	4.721
0.213	4.528	4.728
0.214	4.538	4.735
0.216	4.547	4.742
0.217	4.556	4.749
0.218	4.565	4.755
0.219	4.574	4.761
0.220	4.583	4.767
0.220	4.591	4.773
0.221	4.599	4.779
0.222	4.607	4.784
0.224	4.615	4.789
0.225	4.623	4.794
0.226	4.630	4.799
0.227	4.638	4.804
0.228	4.645	4.808
0.229	4.652	4.813
0.230	4.658	4.817
0.231	4.665	4.821
0.231	4.671	4.825
0.232	4.677	4.828
0.233	4.683	4.831
0.234	4.689	4.835
0.234	4.695	4.838
0.236	4.700	4.840
0.237	4.705	4.843
0.238	4.711	4.845
0.238	4.715	4.848
0.239	4.720	4.850
0.240	4.725	4.852
0.240	4.729	4.853
0.241	4.733	4.855
0.242	4.737	4.856
0.243	4.741	4.857
0.243	4.744	4.858
0.244	4.747	4.859
0.246	4.751	4.859
0.247	4.754	4.859
0.248	4.756	4.859
0.250	4.759	4.859
0.251	4.761	4.859
0.252	4.763	4.859
0.253	4.765	4.858
0.254	4.767	4.857
0.255	4.769	4.856
0.256	4.770	4.855
0.257	4.772	4.854
0.258	4.773	4.852
0.259	4.774	4.850
0.260	4.774	4.848
0.261	4.775	4.846
0.265	4.775	4.844
0.266	4.775	4.841
0.267	4.775	4.838
0.269	4.775	4.835
0.270	4.774	4.832
0.271	4.774	4.829
0.272	4.773	4.825
0.272	4.772	4.822
0.273	4.770	4.818
0.274	4.769	4.814
0.275	4.767	4.809
0.275	4.765	4.805
0.276	4.763	4.800
0.277	4.761	4.795
0.278	4.759	4.790
0.281	4.756	4.785
0.282	4.754	4.780
0.282	4.751	4.774
0.283	4.747	4.768
0.284	4.744	4.762
0.285	4.741	4.756
0.285	4.737	4.750
0.286	4.733	4.743
0.287	4.729	4.737
0.288	4.725	4.730
0.289	4.720	4.723
0.290	4.715	4.715
0.292	4.711	4.708
0.293	4.705	4.700
0.294	4.700	4.692
0.296	4.695	4.684
0.297	4.689	4.676
0.298	4.683	4.668
0.299	4.677	4.659
0.300	4.671	4.651
0.301	4.665	4.642
0.302	4.658	4.632
0.303	4.652	4.623
0.303	4.645	4.614
0.304	4.638	4.604
0.305	4.630	4.594
0.306	4.623	4.584
0.307	4.615	4.574
0.308	4.607	4.563
0.308	4.599	4.553
0.309	4.591	4.542
0.310	4.583	4.531
0.311	4.574	4.520
0.312	4.565	4.509
0.314	4.556	4.497
0.315	4.547	4.486
0.316	4.538	4.474
0.317	4.528	4.462
0.319	4.519	4.450
0.320	4.509	4.437
0.321	4.499	4.425
0.321	4.488	4.412
0.322	4.478	4.399
0.323	4.467	4.386
0.324	4.457	4.373
0.325	4.446	4.360
0.325	4.434	4.346
0.326	4.423	4.332
0.327	4.412	4.319
0.329	4.400	4.304
0.330	4.388	4.290
0.332	4.376	4.276
0.333	4.364	4.261
0.334	4.352	4.246
0.335	4.339	4.232
0.336	4.326	4.216
0.337	4.313	4.201
0.338	4.301	4.186
0.339	4.287	4.170
0.340	4.274	4.154
0.340	4.260	4.139
0.341	4.246	4.122
0.342	4.233	4.106
0.343	4.218	4.090
0.343	4.204	4.073
0.344	4.190	4.057
0.346	4.175	4.040
0.347	4.160	4.023
0.348	4.145	4.006
0.349	4.130	3.988
0.350	4.115	3.971
0.351	4.100	3.953
0.352	4.084	3.935
0.352	4.068	3.917
0.353	4.052	3.899
0.354	4.036	3.881
0.355	4.020	3.862
0.356	4.004	3.844
0.356	3.987	3.825
0.357	3.970	3.806
0.358	3.954	3.787
0.359	3.936	3.768
0.359	3.919	3.749
0.360	3.902	3.729
0.362	3.884	3.710
0.363	3.867	3.690
0.364	3.849	3.670
0.365	3.831	3.650
0.366	3.813	3.630
0.367	3.794	3.609
0.368	3.776	3.589
0.369	3.757	3.568
0.370	3.739	3.547
0.371	3.720	3.526
0.372	3.701	3.505
0.373	3.681	3.484
0.374	3.662	3.463
0.375	3.643	3.441
0.376	3.623	3.420
0.377	3.603	3.398
0.379	3.583	3.376
0.381	3.563	3.354
0.382	3.543	3.332
0.383	3.523	3.310
0.384	3.502	3.287
0.385	3.481	3.265
0.386	3.461	3.242
0.387	3.440	3.219
0.387	3.419	3.197
0.388	3.397	3.173
0.389	3.376	3.150
0.390	3.355	3.127
0.391	3.333	3.104
0.391	3.311	3.080
0.392	3.289	3.056
0.393	3.267	3.033
0.393	3.245	3.009
0.394	3.223	2.985
0.395	3.200	2.961
0.397	3.178	2.936
0.398	3.155	2.912
0.399	3.132	2.888
0.400	3.110	2.863
0.401	3.086	2.838
0.401	3.063	2.814
0.402	3.040	2.788
0.403	3.017	2.763
0.404	2.993	2.738
0.405	2.969	2.713
0.405	2.946	2.688
0.406	2.922	2.662
0.407	2.898	2.637
0.408	2.874	2.611
0.409	2.849	2.585
0.409	2.825	2.559
0.410	2.801	2.533
0.412	2.776	2.507
0.413	2.751	2.481
0.415	2.726	2.455
0.416	2.701	2.429
0.417	2.676	2.402
0.418	2.651	2.376
0.419	2.626	2.349
0.420	2.601	2.322
0.421	2.575	2.295
0.422	2.550	2.268
0.422	2.524	2.241
0.423	2.498	2.214
0.424	2.472	2.187
0.425	2.446	2.160
0.425	2.420	2.132
0.426	2.394	2.105
0.427	2.368	2.078
0.428	2.341	2.050
0.429	2.315	2.022
0.431	2.288	1.995
0.432	2.262	1.967
0.432	2.235	1.939
0.433	2.208	1.911
0.434	2.181	1.883
0.435	2.154	1.854
0.435	2.127	1.826
0.436	2.100	1.798
0.437	2.073	1.770
0.438	2.045	1.741
0.438	2.018	1.713
0.439	1.990	1.684
0.440	1.962	1.655
0.441	1.935	1.627
0.441	1.907	1.598
0.442	1.879	1.569
0.443	1.851	1.540
0.443	1.823	1.511
0.444	1.795	1.482
0.445	1.767	1.453
0.446	1.739	1.424
0.447	1.711	1.395
0.448	1.682	1.366
0.449	1.654	1.337
0.449	1.625	1.307
0.451	1.597	1.278
0.453	1.568	1.248
0.454	1.539	1.219
0.455	1.511	1.189
0.456	1.482	1.160
0.457	1.453	1.130
0.459	1.424	1.100
0.460	1.395	1.071
0.461	1.366	1.041
0.462	1.337	1.011
0.464	1.307	0.981
0.465	1.278	0.952
0.466	1.249	0.922
0.468	1.220	0.892
0.469	1.190	0.862
0.470	1.161	0.832
0.471	1.131	0.802
0.473	1.102	0.772
0.474	1.072	0.741
0.475	1.043	0.711
0.476	1.013	0.681
0.477	0.983	0.651
0.478	0.953	0.621
0.479	0.923	0.590
0.480	0.894	0.560
0.481	0.864	0.530
0.482	0.834	0.500
0.483	0.804	0.469
0.484	0.774	0.439
0.485	0.744	0.408
0.486	0.714	0.378
0.486	0.684	0.348
0.487	0.654	0.317
0.488	0.623	0.287
0.489	0.593	0.257
0.490	0.563	0.226
0.491	0.533	0.196
0.492	0.503	0.165
0.493	0.472	0.135
0.494	0.442	0.104
0.495	0.412	0.074
0.496	0.381	0.043
0.498	0.351	0.013
0.499	0.321	-0.018
0.500	0.290	-0.048
0.501	0.260	-0.078
0.502	0.230	-0.109
0.503	0.199	-0.139
0.504	0.169	-0.170
0.505	0.138	-0.200
0.505	0.108	-0.231
0.506	0.078	-0.261
0.507	0.047	-0.292
0.508	0.016	-0.322
0.508	-0.014	-0.352
0.509	-0.044	-0.383
0.510	-0.075	-0.413
0.511	-0.105	-0.443
0.512	-0.136	-0.474
0.513	-0.166	-0.504
0.515	-0.197	-0.534
0.516	-0.227	-0.565
0.517	-0.258	-0.595
0.518	-0.288	-0.625
0.519	-0.318	-0.655
0.519	-0.349	-0.685
0.520	-0.379	-0.716
0.521	-0.410	-0.746
0.522	-0.440	-0.776
0.522	-0.470	-0.806
0.523	-0.501	-0.836
0.524	-0.531	-0.866
0.525	-0.562	-0.896
0.525	-0.592	-0.926
0.526	-0.622	-0.956
0.527	-0.652	-0.985
0.528	-0.683	-1.015
0.530	-0.713	-1.045
0.531	-0.743	-1.075
0.532	-0.773	-1.104
0.533	-0.803	-1.134
0.533	-0.833	-1.164
0.535	-0.864	-1.193
0.535	-0.894	-1.223
0.536	-0.924	-1.252
0.537	-0.954	-1.282
0.538	-0.984	-1.311
0.539	-1.014	-1.340
0.540	-1.043	-1.370
0.541	-1.073	-1.399
0.543	-1.103	-1.428
0.544	-1.133	-1.457
0.546	-1.162	-1.486
0.547	-1.192	-1.515
0.548	-1.222	-1.544
0.549	-1.251	-1.573
0.551	-1.281	-1.601
0.551	-1.310	-1.630
0.552	-1.340	-1.659
0.553	-1.369	-1.687
0.554	-1.399	-1.716
0.555	-1.428	-1.744
0.555	-1.457	-1.773
0.556	-1.486	-1.801
0.557	-1.515	-1.829
0.558	-1.544	-1.857
0.559	-1.574	-1.885
0.559	-1.602	-1.914
0.560	-1.631	-1.941
0.561	-1.660	-1.969
0.564	-1.689	-1.997
0.565	-1.718	-2.025
0.566	-1.746	-2.052
0.567	-1.775	-2.080
0.568	-1.803	-2.107
0.569	-1.832	-2.135
0.569	-1.860	-2.162
0.570	-1.888	-2.189
0.571	-1.917	-2.216
0.571	-1.945	-2.243
0.572	-1.973	-2.270
0.573	-2.001	-2.297
0.574	-2.029	-2.324
0.574	-2.057	-2.351
0.575	-2.084	-2.377
0.576	-2.112	-2.404
0.579	-2.140	-2.430
0.581	-2.167	-2.456
0.583	-2.195	-2.483
0.584	-2.222	-2.509
0.585	-2.249	-2.535
0.586	-2.277	-2.561
0.587	-2.304	-2.586
0.588	-2.331	-2.612
0.589	-2.358	-2.638
0.590	-2.385	-2.663
0.590	-2.411	-2.688
0.591	-2.438	-2.714
0.592	-2.465	-2.739
0.593	-2.491	-2.764
0.594	-2.517	-2.789
0.597	-2.544	-2.814
0.598	-2.570	-2.838
0.599	-2.596	-2.863
0.600	-2.622	-2.888
0.601	-2.648	-2.912
0.602	-2.673	-2.936
0.603	-2.699	-2.960
0.603	-2.725	-2.984
0.604	-2.750	-3.008
0.605	-2.776	-3.032
0.606	-2.801	-3.056
0.607	-2.826	-3.079
0.607	-2.851	-3.103
0.608	-2.876	-3.126
0.609	-2.901	-3.149
0.610	-2.926	-3.172
0.610	-2.950	-3.195
0.612	-2.975	-3.218
0.613	-2.999	-3.241
0.614	-3.023	-3.263
0.615	-3.047	-3.286
0.616	-3.071	-3.308
0.617	-3.095	-3.330
0.618	-3.119	-3.352
0.618	-3.143	-3.374
0.619	-3.166	-3.396
0.620	-3.190	-3.417
0.621	-3.213	-3.439
0.622	-3.236	-3.460
0.623	-3.259	-3.482
0.624	-3.282	-3.503
0.625	-3.305	-3.524
0.626	-3.328	-3.544
0.628	-3.350	-3.565
0.629	-3.372	-3.586
0.630	-3.395	-3.606
0.631	-3.417	-3.626
0.632	-3.439	-3.646
0.633	-3.461	-3.666
0.633	-3.483	-3.686
0.634	-3.504	-3.706
0.636	-3.526	-3.725
0.637	-3.547	-3.745
0.637	-3.568	-3.764
0.638	-3.589	-3.783
0.639	-3.610	-3.802
0.639	-3.631	-3.821
0.640	-3.652	-3.839
0.641	-3.672	-3.858
0.642	-3.693	-3.876
0.642	-3.713	-3.894
0.643	-3.733	-3.912
0.646	-3.753	-3.930
0.647	-3.773	-3.948
0.648	-3.792	-3.965
0.649	-3.812	-3.983
0.649	-3.831	-4.000
0.650	-3.850	-4.017
0.651	-3.869	-4.034
0.652	-3.888	-4.051
0.652	-3.907	-4.067
0.653	-3.926	-4.084
0.654	-3.944	-4.100
0.655	-3.962	-4.116
0.655	-3.981	-4.132
0.656	-3.999	-4.148
0.657	-4.016	-4.163
0.658	-4.034	-4.179
0.659	-4.051	-4.194
0.660	-4.069	-4.209
0.661	-4.086	-4.224
0.663	-4.103	-4.239
0.664	-4.120	-4.254
0.665	-4.137	-4.268
0.667	-4.153	-4.282
0.668	-4.170	-4.296
0.669	-4.186	-4.310
0.670	-4.202	-4.324
0.671	-4.218	-4.338
0.672	-4.234	-4.351
0.672	-4.249	-4.364
0.673	-4.265	-4.377
0.674	-4.280	-4.390
0.675	-4.295	-4.403
0.675	-4.310	-4.416
0.676	-4.325	-4.428
0.677	-4.339	-4.440
0.679	-4.354	-4.452
0.682	-4.368	-4.464
0.683	-4.382	-4.476
0.684	-4.396	-4.487
0.684	-4.410	-4.499
0.685	-4.424	-4.510
0.686	-4.437	-4.521
0.687	-4.450	-4.532
0.690	-4.463	-4.542
0.690	-4.476	-4.552
0.691	-4.489	-4.563
0.692	-4.501	-4.573
0.693	-4.514	-4.583
0.693	-4.526	-4.592
0.697	-4.538	-4.602
0.698	-4.550	-4.611
0.699	-4.561	-4.621
0.700	-4.573	-4.630
0.701	-4.584	-4.638
0.702	-4.595	-4.647
0.703	-4.606	-4.655
0.704	-4.617	-4.664
0.705	-4.628	-4.672
0.706	-4.638	-4.679
0.707	-4.648	-4.687
0.708	-4.658	-4.695
0.709	-4.668	-4.702
0.711	-4.678	-4.709
0.712	-4.687	-4.716
0.713	-4.697	-4.723
0.714	-4.706	-4.729
0.715	-4.715	-4.736
0.715	-4.724	-4.742
0.716	-4.732	-4.748
0.717	-4.741	-4.754
0.718	-4.749	-4.760
0.718	-4.757	-4.765
0.719	-4.765	-4.770
0.720	-4.772	-4.775
0.721	-4.780	-4.780
0.721	-4.787	-4.785
0.722	-4.794	-4.789
0.723	-4.801	-4.794
0.723	-4.808	-4.798
0.724	-4.814	-4.802
0.725	-4.821	-4.805
0.726	-4.827	-4.809
0.726	-4.833	-4.812
0.727	-4.839	-4.816
0.728	-4.845	-4.819
0.730	-4.850	-4.821
0.731	-4.855	-4.824
0.732	-4.860	-4.826
0.733	-4.865	-4.829
0.733	-4.870	-4.831
0.734	-4.874	-4.832
0.735	-4.879	-4.834
0.736	-4.883	-4.836
0.736	-4.886	-4.837
0.737	-4.890	-4.838
0.738	-4.894	-4.839
0.739	-4.897	-4.839
0.740	-4.900	-4.840
0.741	-4.903	-4.840
0.742	-4.906	-4.840
0.743	-4.909	-4.840
0.744	-4.911	-4.840
0.745	-4.913	-4.840
0.747	-4.915	-4.839
0.747	-4.917	-4.838
0.748	-4.919	-4.837
0.749	-4.920	-4.836
0.750	-4.921	-4.834
0.751	-4.922	-4.833
0.752	-4.923	-4.831
0.752	-4.924	-4.829
0.753	-4.924	-4.827
0.754	-4.925	-4.825
0.755	-4.925	-4.822
0.757	-4.925	-4.819
0.757	-4.924	-4.816
0.758	-4.924	-4.813
0.759	-4.923	-4.810
0.760	-4.922	-4.806
0.761	-4.921	-4.803
0.763	-4.920	-4.799
0.764	-4.919	-4.795
0.765	-4.917	-4.790
0.766	-4.915	-4.786
0.767	-4.913	-4.781
0.769	-4.911	-4.776
0.770	-4.909	-4.771
0.771	-4.906	-4.766
0.772	-4.903	-4.761
0.773	-4.900	-4.755
0.774	-4.897	-4.749
0.776	-4.894	-4.743
0.777	-4.890	-4.737
0.778	-4.886	-4.731
0.780	-4.883	-4.724
0.781	-4.879	-4.718
0.782	-4.874	-4.711
0.783	-4.870	-4.704
0.785	-4.865	-4.696
0.786	-4.860	-4.689
0.787	-4.855	-4.681
0.788	-4.850	-4.673
0.789	-4.845	-4.665
0.789	-4.839	-4.657
0.790	-4.833	-4.649
0.791	-4.827	-4.640
0.791	-4.821	-4.631
0.792	-4.814	-4.622
0.793	-4.808	-4.613
0.794	-4.801	-4.604
0.796	-4.794	-4.595
0.797	-4.787	-4.585
0.798	-4.780	-4.575
0.799	-4.772	-4.565
0.799	-4.765	-4.555
0.800	-4.757	-4.544
0.801	-4.749	-4.534
0.802	-4.741	-4.523
0.802	-4.732	-4.512
0.803	-4.724	-4.501
0.804	-4.715	-4.490
0.805	-4.706	-4.478
0.806	-4.697	-4.467
0.807	-4.687	-4.455
0.808	-4.678	-4.443
0.809	-4.668	-4.431
0.810	-4.658	-4.418
0.811	-4.648	-4.406
0.812	-4.638	-4.393
0.813	-4.628	-4.380
0.815	-4.617	-4.367
0.816	-4.606	-4.354
0.816	-4.595	-4.341
0.817	-4.584	-4.327
0.818	-4.573	-4.313
0.819	-4.561	-4.299
0.820	-4.550	-4.285
0.821	-4.538	-4.271
0.822	-4.526	-4.257
0.823	-4.514	-4.242
0.824	-4.501	-4.227
0.825	-4.489	-4.212
0.826	-4.476	-4.197
0.826	-4.463	-4.182
0.827	-4.450	-4.167
0.829	-4.437	-4.151
0.829	-4.424	-4.135
0.830	-4.410	-4.120
0.831	-4.396	-4.103
0.832	-4.382	-4.087
0.833	-4.368	-4.071
0.834	-4.354	-4.054
0.835	-4.339	-4.038
0.835	-4.325	-4.021
0.836	-4.310	-4.004
0.837	-4.295	-3.986
0.837	-4.280	-3.969
0.838	-4.265	-3.952
0.839	-4.249	-3.934
0.840	-4.234	-3.916
0.840	-4.218	-3.898
0.841	-4.202	-3.880
0.842	-4.186	-3.862
0.842	-4.170	-3.843
0.843	-4.153	-3.825
0.845	-4.137	-3.806
0.847	-4.120	-3.787
0.848	-4.103	-3.768
0.848	-4.086	-3.749
0.849	-4.069	-3.730
0.850	-4.051	-3.710
0.851	-4.034	-3.690
